LA 10, LB 10, CA 10, CB 10

 Affichage de A:
 0	 0	 0	 0	 0	 0	 0	 0	 0	 0	
 0	 0	 0	 0	 0	 0	 0	 0	 0	 0	
 0	 0	 0	 0	 0	 0	 0	 0	 0	 0	
 0	 0	 0	 0	 0	 0	 0	 0	 0	 0	
 0	 0	 0	 0	 0	 0	 0	 0	 0	 0	
 0	 0	 0	 0	 0	 0	 0	 0	 0	 0	
 0	 0	 0	 0	 0	 0	 0	 0	 0	 0	
 0	 0	 0	 0	 0	 0	 0	 0	 0	 0	
 0	 0	 0	 0	 0	 0	 0	 0	 0	 0	
 0	 0	 0	 0	 0	 0	 0	 0	 0	 0	

 Affichage de B:
 0	 0	 0	 0	 0	 0	 0	 0	 0	 0	
 0	 0	 0	 0	 0	 0	 0	 0	 0	 0	
 0	 0	 0	 0	 0	 0	 0	 0	 0	 0	
 0	 0	 0	 0	 0	 0	 0	 0	 0	 0	
 0	 0	 0	 0	 0	 0	 0	 0	 0	 0	
 0	 0	 0	 0	 0	 0	 0	 0	 0	 0	
 0	 0	 0	 0	 0	 0	 0	 0	 0	 0	
 0	 0	 0	 0	 0	 0	 0	 0	 0	 0	
 0	 0	 0	 0	 0	 0	 0	 0	 0	 0	
 0	 0	 0	 0	 0	 0	 0	 0	 0	 0	

 Affichage du produit de A par B:
 0	 0	 0	 0	 0	 0	 0	 0	 0	 0	
 0	 0	 0	 0	 0	 0	 0	 0	 0	 0	
 0	 0	 0	 0	 0	 0	 0	 0	 0	 0	
 0	 0	 0	 0	 0	 0	 0	 0	 0	 0	
 0	 0	 0	 0	 0	 0	 0	 0	 0	 0	
 0	 0	 0	 0	 0	 0	 0	 0	 0	 0	
 0	 0	 0	 0	 0	 0	 0	 0	 0	 0	
 0	 0	 0	 0	 0	 0	 0	 0	 0	 0	
 0	 0	 0	 0	 0	 0	 0	 0	 0	 0	
 0	 0	 0	 0	 0	 0	 0	 0	 0	 0	
